0 0.49609375 0.21666666666666667 0.045312500000000006 0.041666666666666664
0 0.11640625 0.40729166666666666 0.051562500000000004 0.06458333333333333
0 0.06484375 0.44375 0.051562500000000004 0.0625
0 0.1921875 0.3729166666666667 0.040625 0.05416666666666667
0 0.25859375 0.3375 0.0328125 0.0375
0 0.28515625 0.3229166666666667 0.0328125 0.0375
0 0.9695312500000001 0.5239583333333333 0.060937500000000006 0.10208333333333333
0 0.87265625 0.44479166666666664 0.06406250000000001 0.06041666666666667
0 0.82421875 0.40208333333333335 0.0484375 0.058333333333333334
0 0.7898437500000001 0.3770833333333333 0.0421875 0.04583333333333333
