0 0.87265625 0.8229166666666666 0.15156250000000002 0.24166666666666667
0 0.940625 0.66875 0.096875 0.1625
0 0.80390625 0.4583333333333333 0.06406250000000001 0.0875
0 0.7484375000000001 0.3572916666666667 0.046875 0.06458333333333333
0 0.8546875 0.43645833333333334 0.046875 0.06875
0 0.9304687500000001 0.440625 0.045312500000000006 0.05625
0 0.5765625 0.24166666666666667 0.037500000000000006 0.041666666666666664
0 0.20468750000000002 0.3541666666666667 0.03125 0.0375
0 0.07890625000000001 0.39791666666666664 0.0328125 0.0375
0 0.33125000000000004 0.31979166666666664 0.028125 0.03125
