0 0.7265625 0.359375 0.040625 0.04375
0 0.821875 0.40729166666666666 0.05625 0.06041666666666667
0 0.6781250000000001 0.3302083333333333 0.046875 0.052083333333333336
0 0.046875 0.3729166666666667 0.040625 0.0625
0 0.17421875 0.32395833333333335 0.0390625 0.04791666666666666
0 0.2421875 0.30104166666666665 0.028125 0.03125
0 0.91953125 0.48333333333333334 0.0578125 0.0875
0 0.9671875000000001 0.5604166666666667 0.065625 0.10833333333333334
0 0.88984375 0.4114583333333333 0.045312500000000006 0.052083333333333336
0 0.8523437500000001 0.3802083333333333 0.029687500000000002 0.03958333333333333
0 0.7796875000000001 0.33958333333333335 0.034375 0.041666666666666664
0 0.98203125 0.4302083333333333 0.035937500000000004 0.04375
