0 0.83125 0.5197916666666667 0.084375 0.11875
0 0.67578125 0.4354166666666667 0.0734375 0.07916666666666666
0 0.6125 0.3802083333333333 0.05625 0.06041666666666667
0 0.5421875 0.3572916666666667 0.05 0.052083333333333336
0 0.029687500000000002 0.40625 0.03125 0.041666666666666664
0 0.07890625000000001 0.3729166666666667 0.029687500000000002 0.03333333333333333
0 0.94296875 0.628125 0.0921875 0.14375
0 0.7976562500000001 0.403125 0.045312500000000006 0.05625
0 0.6984375 0.39791666666666664 0.05 0.07083333333333333
0 0.26171875 0.23958333333333334 0.0421875 0.041666666666666664
