0 0.20859375000000002 0.509375 0.11406250000000001 0.15625
0 0.057031250000000006 0.6083333333333333 0.11406250000000001 0.17916666666666667
0 0.047656250000000004 0.475 0.07968750000000001 0.10833333333333334
0 0.29453125 0.3697916666666667 0.0578125 0.07708333333333334
0 0.3484375 0.334375 0.05625 0.05625
0 0.40468750000000003 0.3145833333333333 0.043750000000000004 0.05416666666666667
0 0.44375000000000003 0.2895833333333333 0.034375 0.0375
0 0.253125 0.33541666666666664 0.040625 0.04583333333333333
0 0.93671875 0.365625 0.029687500000000002 0.03958333333333333
0 0.978125 0.38958333333333334 0.03125 0.05
0 0.8992187500000001 0.34791666666666665 0.026562500000000003 0.0375
0 0.8812500000000001 0.3364583333333333 0.03125 0.03125
0 0.36562500000000003 0.2916666666666667 0.03125 0.03333333333333333
0 0.29765625 0.309375 0.0390625 0.03958333333333333
0 0.2015625 0.31875 0.034375 0.03333333333333333
