0 0.8656250000000001 0.43854166666666666 0.053125000000000006 0.06875
0 0.125 0.3958333333333333 0.05 0.0625
0 0.18281250000000002 0.37083333333333335 0.043750000000000004 0.05416666666666667
0 0.25703125 0.340625 0.035937500000000004 0.03958333333333333
0 0.31484375000000003 0.31979166666666664 0.0328125 0.035416666666666666
0 0.92734375 0.5083333333333333 0.0703125 0.1
0 0.9515625000000001 0.4395833333333333 0.037500000000000006 0.04583333333333333
0 0.8031250000000001 0.39791666666666664 0.046875 0.04583333333333333
0 0.85078125 0.384375 0.0390625 0.03958333333333333
0 0.76875 0.3572916666666667 0.03125 0.03958333333333333
0 0.9085937500000001 0.38229166666666664 0.0328125 0.027083333333333334
0 0.37812500000000004 0.30104166666666665 0.028125 0.03125
