0 0.4390625 0.21979166666666666 0.046875 0.04375
0 0.9609375 0.5427083333333333 0.06875 0.10625
0 0.85078125 0.46041666666666664 0.0703125 0.075
0 0.12421875 0.39375 0.051562500000000004 0.058333333333333334
0 0.20625000000000002 0.35520833333333335 0.046875 0.04791666666666666
0 0.02734375 0.4458333333333333 0.0546875 0.075
0 0.953125 0.47604166666666664 0.05 0.07291666666666667
0 0.8968750000000001 0.41875 0.043750000000000004 0.05
0 0.8367187500000001 0.41770833333333335 0.0546875 0.06041666666666667
0 0.7828125 0.37916666666666665 0.037500000000000006 0.05
0 0.94296875 0.4010416666666667 0.0390625 0.04375
0 0.703125 0.33125 0.034375 0.029166666666666667
0 0.7468750000000001 0.34270833333333334 0.034375 0.035416666666666666
