0 0.9703125 0.565625 0.059375000000000004 0.10208333333333333
0 0.9460937500000001 0.44375 0.029687500000000002 0.041666666666666664
0 0.8765625 0.4197916666666667 0.034375 0.03958333333333333
0 0.87421875 0.48125 0.051562500000000004 0.07083333333333333
0 0.7914062500000001 0.4864583333333333 0.060937500000000006 0.08541666666666667
0 0.8234375 0.44479166666666664 0.043750000000000004 0.06041666666666667
0 0.8054687500000001 0.4166666666666667 0.0390625 0.041666666666666664
0 0.7921875 0.390625 0.025 0.027083333333333334
0 0.75 0.3927083333333333 0.03125 0.035416666666666666
0 0.6976562500000001 0.4197916666666667 0.045312500000000006 0.052083333333333336
0 0.67734375 0.37604166666666666 0.029687500000000002 0.03958333333333333
