0 0.88203125 0.434375 0.051562500000000004 0.06041666666666667
0 0.8015625000000001 0.4583333333333333 0.06875 0.0875
0 0.64375 0.36875 0.043750000000000004 0.05416666666666667
0 0.58984375 0.3385416666666667 0.0328125 0.035416666666666666
0 0.04296875 0.41875 0.035937500000000004 0.05
0 0.06953125 0.39479166666666665 0.0328125 0.03958333333333333
0 0.11484375000000001 0.36875 0.026562500000000003 0.03333333333333333
0 0.15859375 0.3458333333333333 0.0234375 0.029166666666666667
0 0.88046875 0.49895833333333334 0.0703125 0.11041666666666666
0 0.95859375 0.51875 0.0734375 0.1
0 0.95703125 0.4302083333333333 0.0421875 0.052083333333333336
0 0.98046875 0.4552083333333333 0.035937500000000004 0.05625
