0 0.8625 0.8291666666666666 0.153125 0.2375
0 0.92734375 0.6635416666666667 0.09531250000000001 0.14791666666666667
0 0.7898437500000001 0.45208333333333334 0.0671875 0.08333333333333333
0 0.7328125000000001 0.35625 0.043750000000000004 0.05
0 0.8421875000000001 0.42916666666666664 0.053125000000000006 0.06666666666666667
0 0.9148437500000001 0.43124999999999997 0.0421875 0.05416666666666667
0 0.6421875 0.24479166666666666 0.028125 0.035416666666666666
0 0.7859375000000001 0.353125 0.021875000000000002 0.035416666666666666
0 0.7664062500000001 0.33958333333333335 0.0234375 0.029166666666666667
0 0.06015625 0.409375 0.0328125 0.03958333333333333
0 0.19140625 0.35520833333333335 0.026562500000000003 0.035416666666666666
0 0.31484375000000003 0.3260416666666667 0.026562500000000003 0.035416666666666666
