0 0.8679687500000001 0.590625 0.09531250000000001 0.11875
0 0.77265625 0.465625 0.0703125 0.09375
0 0.7273437500000001 0.4166666666666667 0.06406250000000001 0.08333333333333333
0 0.64765625 0.3729166666666667 0.0546875 0.058333333333333334
0 0.09140625000000001 0.3833333333333333 0.0390625 0.05
0 0.6218750000000001 0.34479166666666666 0.040625 0.03958333333333333
0 0.17500000000000002 0.33958333333333335 0.03125 0.0375
0 0.1296875 0.36354166666666665 0.034375 0.04375
0 0.8500000000000001 0.4979166666666667 0.07187500000000001 0.09583333333333333
0 0.97578125 0.5708333333333333 0.0484375 0.10833333333333334
