0 0.09765625 0.3770833333333333 0.035937500000000004 0.05416666666666667
0 0.06328125 0.40208333333333335 0.0390625 0.05416666666666667
0 0.13984375000000002 0.35625 0.029687500000000002 0.041666666666666664
0 0.17265625 0.3375 0.029687500000000002 0.03333333333333333
0 0.84375 0.5020833333333333 0.084375 0.1
0 0.94140625 0.4947916666666667 0.0671875 0.09375
0 0.74609375 0.421875 0.0578125 0.08125
0 0.69296875 0.38645833333333335 0.0546875 0.06875
0 0.61484375 0.35 0.0484375 0.05
0 0.5859375 0.33125 0.040625 0.04583333333333333
0 0.85859375 0.40208333333333335 0.045312500000000006 0.05416666666666667
