0 0.91328125 0.609375 0.0765625 0.11041666666666666
0 0.7640625000000001 0.5114583333333333 0.07187500000000001 0.09375
0 0.9773437500000001 0.559375 0.045312500000000006 0.08125
0 0.921875 0.49895833333333334 0.059375000000000004 0.06875
0 0.878125 0.5197916666666667 0.059375000000000004 0.07291666666666667
0 0.83125 0.459375 0.05 0.06458333333333333
0 0.6625000000000001 0.40208333333333335 0.065625 0.0625
0 0.515625 0.38229166666666664 0.053125000000000006 0.052083333333333336
0 0.73359375 0.378125 0.045312500000000006 0.04791666666666666
0 0.5765625 0.3614583333333333 0.037500000000000006 0.035416666666666666
0 0.35625 0.34791666666666665 0.034375 0.029166666666666667
0 0.5476562500000001 0.34479166666666666 0.029687500000000002 0.027083333333333334
