0 0.9375 0.5395833333333333 0.07187500000000001 0.10833333333333334
0 0.8125 0.4614583333333333 0.07187500000000001 0.07708333333333334
0 0.84375 0.40729166666666666 0.05 0.05625
0 0.7835937500000001 0.41562499999999997 0.0546875 0.06458333333333333
0 0.7203125 0.37395833333333334 0.053125000000000006 0.05625
0 0.11328125 0.3885416666666667 0.0390625 0.05625
0 0.026562500000000003 0.440625 0.040625 0.06458333333333333
0 0.2015625 0.34270833333333334 0.034375 0.03958333333333333
0 0.24140625000000002 0.32395833333333335 0.026562500000000003 0.035416666666666666
0 0.915625 0.4708333333333333 0.05625 0.075
0 0.98203125 0.47604166666666664 0.035937500000000004 0.06458333333333333
0 0.93359375 0.425 0.0421875 0.04583333333333333
0 0.8890625000000001 0.3833333333333333 0.03125 0.04583333333333333
