0 0.18203125 0.24687499999999998 0.0484375 0.05625
0 0.7679687500000001 0.38645833333333335 0.0578125 0.06041666666666667
0 0.70703125 0.3572916666666667 0.0421875 0.05625
0 0.6507812500000001 0.35625 0.051562500000000004 0.05416666666666667
0 0.8265625000000001 0.425 0.059375000000000004 0.06666666666666667
0 0.9632812500000001 0.45208333333333334 0.0484375 0.0625
0 0.9203125000000001 0.46041666666666664 0.053125000000000006 0.075
0 0.8679687500000001 0.4239583333333333 0.0546875 0.06458333333333333
0 0.7914062500000001 0.3729166666666667 0.035937500000000004 0.05
0 0.7578125 0.34479166666666666 0.034375 0.03125
