0 0.9656250000000001 0.6 0.06875 0.1625
0 0.32421875 0.5229166666666667 0.1265625 0.2125
0 0.31171875000000004 0.36875 0.0421875 0.05
0 0.66328125 0.3572916666666667 0.051562500000000004 0.052083333333333336
0 0.80390625 0.5270833333333333 0.11093750000000001 0.19166666666666665
0 0.9500000000000001 0.48333333333333334 0.05 0.07916666666666666
0 0.8421875000000001 0.475 0.0625 0.13333333333333333
0 0.56875 0.3364583333333333 0.046875 0.04791666666666666
0 0.5203125000000001 0.33125 0.028125 0.03333333333333333
0 0.49453125000000003 0.3333333333333333 0.0328125 0.0375
0 0.43984375000000003 0.3333333333333333 0.035937500000000004 0.03333333333333333
0 0.9828125000000001 0.490625 0.034375 0.08541666666666667
0 0.34296875000000004 0.31875 0.0328125 0.0375
