0 0.049218750000000006 0.43645833333333334 0.0484375 0.06458333333333333
0 0.1421875 0.3770833333333333 0.043750000000000004 0.05416666666666667
0 0.17734375000000002 0.3541666666666667 0.0390625 0.05
0 0.22890625 0.334375 0.0328125 0.035416666666666666
0 0.403125 0.22395833333333334 0.05 0.03958333333333333
0 0.83203125 0.4270833333333333 0.060937500000000006 0.08333333333333333
0 0.7429687500000001 0.38229166666666664 0.0484375 0.05625
0 0.70703125 0.353125 0.0390625 0.04375
0 0.88984375 0.4791666666666667 0.06406250000000001 0.08333333333333333
0 0.96015625 0.5145833333333333 0.06406250000000001 0.0875
0 0.978125 0.46041666666666664 0.040625 0.05416666666666667
